image1-2:

Best E
[0, -0.9710804224014282, 0;
 0.9710808396339417, 0, -0.2387508600950241;
 0, 0.2387523800134659, 0]

Best F
[0, 1.022275341768694, -631.9933107939937;
 -1.022275780997516, 0, 1308.214660107805;
 631.9935823350027, -1308.2162776492, 1]

image3-4:

Best E
[0, 0.9646319150924683, 0;
 -0.964943528175354, 0, -0.2624576985836029;
 0, 0.2636005580425262, 0]

Best F
[0, -0.0008539681498336332, 0.5463028105255764;
 0.0008542440142786017, 0, -0.530557727074875;
 -0.5464792872731457, 0.5289945497794624, 1]

image5-6:

Best E
[0, -0.9353665113449097, 0;
 -0.9264273643493652, 0, 0.3764737248420715;
 0, 0.353677898645401, 0]

Best F
[0, 5.541749121824399e-07, -0.0003426032333942348;
 5.488787518632951e-07, 0, -0.0008148301219253282;
 -0.0003393290295101805, -0.0008027112733852895, 1]

